+--------+-------------------+
|     Day| AverageTemperature|
+--------+-------------------+
|20220103|               0.49|
|20220104|-3.7500000000000013|
|20220105|  3.311363636363637|
|20220108|-3.8000000000000007|
|20220109| 1.4249999999999996|
|20220114| 4.1645161290322585|
|20220116| -7.924999999999999|
|20220118| 0.8083333333333335|
|20220122| -6.391666666666666|
|20220125| 2.9458333333333333|
|20220128|-0.6297872340425534|
|20220131| -3.895833333333332|
|20220201|-1.8833333333333322|
|20220202|  3.531111111111111|
|20220204|  4.135714285714287|
|20220207| 0.8871428571428575|
|20220208| 2.8500000000000014|
|20220209| 2.1333333333333333|
|20220211|  8.591666666666667|
|20220213| 0.3303030303030298|
+--------+-------------------+
only showing top 20 rows

